
 ******************************************************************
 *                       >>> S E L M A <<<                        *
 *    Simultaneous Electromagnetic Layered Model Analysis         *
 *    Version : Nov. 1997  -  Time of run : 22. 3.** 12:16:12     *
 ******************************************************************

 Model label : First test; ACB/BHJ                                 
 Data label :  prove                                                     

  GEOELECTRICAL SOUNDINGS -  SCHLUMBERGER CONFIGURATION
 =======================================================


 No     L/2        RHOA      DATUM     STD.DEV.

  1  1.000E-01  1.200E+02  1.000E+02  5.000E-02
  2  1.259E-01  1.200E+02  1.000E+02  5.000E-02
  3  1.585E-01  1.200E+02  1.000E+02  5.000E-02
  4  1.995E-01  1.200E+02  1.000E+02  5.000E-02
  5  2.512E-01  1.200E+02  1.000E+02  5.000E-02
  6  3.162E-01  1.200E+02  1.000E+02  5.000E-02
  7  3.981E-01  1.200E+02  1.010E+02  5.000E-02
  8  5.012E-01  1.200E+02  1.010E+02  5.000E-02
  9  6.310E-01  1.200E+02  1.010E+02  5.000E-02
 10  7.943E-01  1.199E+02  1.010E+02  5.000E-02
 11  1.000E+00  1.199E+02  1.000E+02  5.000E-02
 12  1.259E+00  1.197E+02  1.000E+02  5.000E-02
 13  1.585E+00  1.195E+02  1.000E+02  5.000E-02
 14  1.995E+00  1.190E+02  1.000E+02  5.000E-02
 15  2.512E+00  1.181E+02  1.000E+02  5.000E-02
 16  3.162E+00  1.163E+02  1.000E+02  5.000E-02
 17  3.981E+00  1.133E+02  1.010E+02  5.000E-02
 18  5.012E+00  1.081E+02  1.010E+02  5.000E-02
 19  6.309E+00  1.001E+02  1.010E+02  5.000E-02
 20  7.943E+00  8.900E+01  1.010E+02  5.000E-02
 21  1.000E+01  7.552E+01  1.010E+02  5.000E-02
 22  1.259E+01  6.156E+01  1.010E+02  5.000E-02
 23  1.585E+01  4.949E+01  1.010E+02  5.000E-02
 24  1.995E+01  4.081E+01  1.010E+02  5.000E-02
 25  2.512E+01  3.562E+01  1.010E+02  5.000E-02
 26  3.162E+01  3.292E+01  1.000E+02  5.000E-02
 27  3.981E+01  3.160E+01  1.000E+02  5.000E-02
 28  5.012E+01  3.093E+01  1.000E+02  5.000E-02
 29  6.309E+01  3.056E+01  1.000E+02  5.000E-02
 30  7.943E+01  3.035E+01  1.000E+02  5.000E-02
 31  1.000E+02  3.022E+01  1.000E+02  5.000E-02


 RESIDUALS !     DATA  PARAMETERS   DEPTHS    TOTAL    QSTEP
------------------------------------------------------------
         0 !   12.167       0.000    0.000   12.167    1.000
 CALCULATION TIME       :     0.160 SECONDS
 TOTAL CALCULATION TIME :     0.160 SECONDS
