99
60prove                         22. 3.** 12:16:12             
07L/2 (M)
11RHOA (OHMM)
0,3,1
1.,1000.,1.,1.
10.,1000.,1.,1.
2,2,5
31,1,0,0,4
  1.000E-01  1.259E-01  1.585E-01  1.995E-01  2.512E-01
  3.162E-01  3.981E-01  5.012E-01  6.310E-01  7.943E-01
  1.000E+00  1.259E+00  1.585E+00  1.995E+00  2.512E+00
  3.162E+00  3.981E+00  5.012E+00  6.309E+00  7.943E+00
  1.000E+01  1.259E+01  1.585E+01  1.995E+01  2.512E+01
  3.162E+01  3.981E+01  5.012E+01  6.309E+01  7.943E+01
  1.000E+02
  1.000E+02  1.000E+02  1.000E+02  1.000E+02  1.000E+02
  1.000E+02  1.010E+02  1.010E+02  1.010E+02  1.010E+02
  1.000E+02  1.000E+02  1.000E+02  1.000E+02  1.000E+02
  1.000E+02  1.010E+02  1.010E+02  1.010E+02  1.010E+02
  1.010E+02  1.010E+02  1.010E+02  1.010E+02  1.010E+02
  1.000E+02  1.000E+02  1.000E+02  1.000E+02  1.000E+02
  1.000E+02
  1.051E+00  1.051E+00  1.051E+00  1.051E+00  1.051E+00
  1.051E+00  1.051E+00  1.051E+00  1.051E+00  1.051E+00
  1.051E+00  1.051E+00  1.051E+00  1.051E+00  1.051E+00
  1.051E+00  1.051E+00  1.051E+00  1.051E+00  1.051E+00
  1.051E+00  1.051E+00  1.051E+00  1.051E+00  1.051E+00
  1.051E+00  1.051E+00  1.051E+00  1.051E+00  1.051E+00
  1.051E+00
31,0,1,1,1
  1.000E-01  1.259E-01  1.585E-01  1.995E-01  2.512E-01
  3.162E-01  3.981E-01  5.012E-01  6.310E-01  7.943E-01
  1.000E+00  1.259E+00  1.585E+00  1.995E+00  2.512E+00
  3.162E+00  3.981E+00  5.012E+00  6.309E+00  7.943E+00
  1.000E+01  1.259E+01  1.585E+01  1.995E+01  2.512E+01
  3.162E+01  3.981E+01  5.012E+01  6.309E+01  7.943E+01
  1.000E+02
  1.200E+02  1.200E+02  1.200E+02  1.200E+02  1.200E+02
  1.200E+02  1.200E+02  1.200E+02  1.200E+02  1.199E+02
  1.199E+02  1.197E+02  1.195E+02  1.190E+02  1.181E+02
  1.163E+02  1.133E+02  1.081E+02  1.001E+02  8.900E+01
  7.552E+01  6.156E+01  4.949E+01  4.081E+01  3.562E+01
  3.292E+01  3.160E+01  3.093E+01  3.056E+01  3.035E+01
  3.022E+01
 4  0 0 1 2
  1.000E-04  5.000E+00  5.000E+00  1.000E+05
  1.200E+02  1.200E+02  3.000E+01  3.000E+01
