DCSCH
prove                         22. 3.** 12:16:12             
0.,0.
31
  1.0000E-01  1.2000E+02  5.0000E-02
  1.2589E-01  1.2000E+02  5.0000E-02
  1.5848E-01  1.2000E+02  5.0000E-02
  1.9952E-01  1.2000E+02  5.0000E-02
  2.5118E-01  1.2000E+02  5.0000E-02
  3.1622E-01  1.2000E+02  5.0000E-02
  3.9810E-01  1.1999E+02  5.0000E-02
  5.0118E-01  1.1998E+02  5.0000E-02
  6.3095E-01  1.1997E+02  5.0000E-02
  7.9432E-01  1.1993E+02  5.0000E-02
  1.0000E+00  1.1987E+02  5.0000E-02
  1.2589E+00  1.1974E+02  5.0000E-02
  1.5848E+00  1.1948E+02  5.0000E-02
  1.9952E+00  1.1899E+02  5.0000E-02
  2.5118E+00  1.1806E+02  5.0000E-02
  3.1622E+00  1.1633E+02  5.0000E-02
  3.9810E+00  1.1326E+02  5.0000E-02
  5.0118E+00  1.0810E+02  5.0000E-02
  6.3095E+00  1.0011E+02  5.0000E-02
  7.9432E+00  8.9003E+01  5.0000E-02
  1.0000E+01  7.5516E+01  5.0000E-02
  1.2589E+01  6.1564E+01  5.0000E-02
  1.5848E+01  4.9486E+01  5.0000E-02
  1.9952E+01  4.0813E+01  5.0000E-02
  2.5118E+01  3.5619E+01  5.0000E-02
  3.1622E+01  3.2922E+01  5.0000E-02
  3.9810E+01  3.1604E+01  5.0000E-02
  5.0118E+01  3.0934E+01  5.0000E-02
  6.3095E+01  3.0564E+01  5.0000E-02
  7.9432E+01  3.0347E+01  5.0000E-02
  1.0000E+02  3.0216E+01  5.0000E-02
